
N: 11
      Step:        0       0.1       0.2       0.3       0.4       0.5       0.6       0.7       0.8       0.9       1.0
Analitical:      5.0  5.426398  5.911752  6.466738  7.104285  7.840085  8.693202  9.686831  10.849222  12.214814  13.82562
 Numerical: 4.972172  5.437325  5.974871  6.592441  7.298093  8.101828  9.016804  10.05832  11.236592  12.532965  13.829338
Difference: 0.027828  0.010927  0.063118  0.125704  0.193808  0.261743  0.323602  0.371489  0.38737  0.318151  0.003719
 
 
N: 21
      Step:        0       0.1       0.2       0.3       0.4       0.5       0.6       0.7       0.8       0.9       1.0
Analitical:      5.0  5.426398  5.911752  6.466738  7.104285  7.840085  8.693202  9.686831  10.849222  12.214814  13.82562
 Numerical: 4.984688  5.40724  5.897419  6.470211  7.136497  7.904346  8.785333  9.79984  10.976435  12.340431  13.829338
Difference: 0.015312  0.019158  0.014333  0.003473  0.032212  0.064261  0.092131  0.113009  0.127213  0.125617  0.003719
 
 
N: 41
      Step:        0       0.1       0.2       0.3       0.4       0.5       0.6       0.7       0.8       0.9       1.0
Analitical:      5.0  5.426398  5.911752  6.466738  7.104285  7.840085  8.693202  9.686831  10.849222  12.214814  13.82562
 Numerical: 4.999924  5.426896  5.910291  6.462793  7.106255  7.855911  8.720685  9.720421  10.886277  12.25441  13.829338
Difference: 7.6e-05  0.000497  0.001461  0.003945  0.001969  0.015826  0.027483  0.033589  0.037054  0.039596  0.003719
 
 
N: 81
      Step:        0       0.1       0.2       0.3       0.4       0.5       0.6       0.7       0.8       0.9       1.0
Analitical:      5.0  5.426398  5.911752  6.466738  7.104285  7.840085  8.693202  9.686831  10.849222  12.214814  13.82562
 Numerical: 5.001453  5.427946  5.91327  6.468674  7.10498  7.84498  8.702859  9.697917  10.861126  12.227597  13.829338
Difference: 0.001453  0.001547  0.001518  0.001936  0.000695  0.004895  0.009657  0.011085  0.011904  0.012783  0.003719
 
 
N: 161
      Step:        0       0.1       0.2       0.3       0.4       0.5       0.6       0.7       0.8       0.9       1.0
Analitical:      5.0  5.426398  5.911752  6.466738  7.104285  7.840085  8.693202  9.686831  10.849222  12.214814  13.82562
 Numerical: 5.001872  5.428366  5.913825  6.46893  7.106692  7.842848  8.697871  9.691883  10.854625  12.220609  13.829338
Difference: 0.001872  0.001967  0.002073  0.002192  0.002407  0.002763  0.004669  0.005052  0.005402  0.005795  0.003719
 
 
N: 321
      Step:        0       0.1       0.2       0.3       0.4       0.5       0.6       0.7       0.8       0.9       1.0
Analitical:      5.0  5.426398  5.911752  6.466738  7.104285  7.840085  8.693202  9.686831  10.849222  12.214814  13.82562
 Numerical: 5.001971  5.428472  5.91394  6.46905  7.106738  7.842623  8.696497  9.690349  10.852986  12.21885  13.829338
Difference: 0.001971  0.002074  0.002187  0.002313  0.002453  0.002538  0.003295  0.003518  0.003763  0.004036  0.003719
 
 
N: 641
      Step:        0       0.1       0.2       0.3       0.4       0.5       0.6       0.7       0.8       0.9       1.0
Analitical:      5.0  5.426398  5.911752  6.466738  7.104285  7.840085  8.693202  9.686831  10.849222  12.214814  13.82562
 Numerical: 5.001994  5.428497  5.913967  6.46908  7.106768  7.842719  8.69614  9.689967  10.852578  12.218413  13.829338
Difference: 0.001994  0.002099  0.002214  0.002342  0.002483  0.002634  0.002938  0.003136  0.003356  0.003599  0.003719
 
 
N: 1281
      Step:        0       0.1       0.2       0.3       0.4       0.5       0.6       0.7       0.8       0.9       1.0
Analitical:      5.0  5.426398  5.911752  6.466738  7.104285  7.840085  8.693202  9.686831  10.849222  12.214814  13.82562
 Numerical: 5.001999  5.428503  5.913973  6.469086  7.106776  7.842731  8.696051  9.689874  10.852478  12.218306  13.829338
Difference: 0.001999  0.002105  0.002221  0.002349  0.002491  0.002646  0.002849  0.003042  0.003256  0.003492  0.003719
 
 
N: 2561
      Step:        0       0.1       0.2       0.3       0.4       0.5       0.6       0.7       0.8       0.9       1.0
Analitical:      5.0  5.426398  5.911752  6.466738  7.104285  7.840085  8.693202  9.686831  10.849222  12.214814  13.82562
 Numerical: 5.002  5.428504  5.913974  6.469088  7.106777  7.842734  8.69603  9.689851  10.852455  12.218281  13.829338
Difference: 0.002  0.002106  0.002222  0.00235  0.002492  0.002649  0.002828  0.00302  0.003232  0.003467  0.003719
 
 
N: 5121
      Step:        0       0.1       0.2       0.3       0.4       0.5       0.6       0.7       0.8       0.9       1.0
Analitical:      5.0  5.426398  5.911752  6.466738  7.104285  7.840085  8.693202  9.686831  10.849222  12.214814  13.82562
 Numerical: 7.28867354632996e+297  1.125371068748235e+88  5.913981  6.469088  7.106777  7.842734  8.696026  9.689846  10.852449  12.218275  13.829338
Difference: 7.28867354632996e+297  1.125371068748235e+88  0.002229  0.00235  0.002492  0.002649  0.002823  0.003015  0.003227  0.003461  0.003719
 
 