
N: 11
      Step: 0       0.1       0.2         0.3          0.4         0.5          0.6          0.7          0.8          0.9          1.0
Analitical: 1       1.1       1.2         1.3          1.4         1.5          1.6          1.7          1.8          1.9          2.0
 Numerical: 1.0  1.115432     1.22762     1.33283      1.43335     1.53139      1.62734      1.72207      1.81554      1.908066     2.0
Difference: 0    1.543222E-02 2.76201E-02 3.283001E-02 3.35143E-02 3.131901E-02 2.734941E-02 2.207359E-02 1.554468E-02 8.066028E-03 0


N: 21
      Step: 0       0.1       0.2         0.3          0.4          0.5          0.6          0.7          0.8          0.9          1.0
Analitical: 1       1.1       1.2         1.3          1.4          1.5          1.6          1.7          1.8          1.9          2.0
 Numerical: 1.0  1.119010     1.228735    1.333001     1.433412     1.531321     1.62701      1.722078     1.815487     1.90809      2.0
Difference: 0    1.901221E-02 2.873511E-02 3.30011E-02 3.341212E-02 3.132145E-02 2.701672E-02 2.207832E-02 1.548711E-02 8.09234E-02  0


N: 41
      Step: 0       0.1       0.2         0.3          0.4          0.5          0.6          0.7          0.8          0.9          1.0
Analitical: 1       1.1       1.2         1.3          1.4          1.5          1.6          1.7          1.8          1.9          2.0
 Numerical: 1.0  1.119001     1.228738    1.333003     1.433423     1.531399     1.627478     1.722210     1.815550     1.908101     2.0
Difference: 0    1.900102E-02 2.873821E-02 3.300367E-02 3.34231E-02 3.13997E-02  2.747888E-02 2.221039E-02 1.555071E-02 8.101316E-02 0


N: 81
      Step: 0       0.1       0.2         0.3          0.4          0.5          0.6          0.7          0.8          0.9          1.0
Analitical: 1       1.1       1.2         1.3          1.4          1.5          1.6          1.7          1.8          1.9          2.0
 Numerical: 1.0  1.119023     1.22879     1.33301      1.433498     1.531375     1.627486     1.722013     1.815721     1.90803      2.0
Difference: 0    1.902376E-02 2.879243E-02 3.33012E-02 3.349854E-02 3.137529E-02 2.748651E-02 2.201382E-02 1.572149E-02 8.03578E-03  0


N: 161
      Step: 0       0.1       0.2         0.3          0.4          0.5          0.6          0.7          0.8          0.9          1.0
Analitical: 1       1.1       1.2         1.3          1.4          1.5          1.6          1.7          1.8          1.9          2.0
 Numerical: 1.0     1.119001  1.228752    1.333003     1.433468     1.531214     1.627358     1.722013     1.815521     1.90801      2.0
Difference: 0    1.900149E-02 2.875219E-02 3.30036E-02 3.346887E-02 3.121463E-02 2.735847E-02 2.201349E-02 1.552139E-02 8.01235E-03  0



N: 321
      Step: 0       0.1       0.2         0.3          0.4          0.5          0.6          0.7          0.8          0.9          1.0
Analitical: 1       1.1       1.2         1.3          1.4          1.5          1.6          1.7          1.8          1.9          2.0
 Numerical: 1.0     1.119013  1.228721    1.333589     1.433485     1.531401     1.627421     1.722371     1.815531     1.908091     2.0
Difference: 0    1.901321E-02 2.872139E-02 3.35891E-02 3.348527E-02 3.140116E-02 2.742184E-02 2.237148E-02 1.553141E-02 8.091322E-03 0



N: 641
      Step: 0       0.1       0.2         0.3          0.4          0.5          0.6          0.7          0.8          0.9          1.0
Analitical: 1       1.1       1.2         1.3          1.4          1.5          1.6          1.7          1.8          1.9          2.0
 Numerical: 1.0     1.119001  1.228651    1.332956     1.433254     1.531274     1.627316     1.721563     1.815376     1.90742      2.0
Difference: 0    1.900123E-02 2.865132E-02 3.32956E-02 3.325435E-02 3.127425E-02 2.731623E-02 2.156342E-02 1.537642E-02 7.42421E-03  0


N: 1281
      Step: 0       0.1       0.2         0.3          0.4          0.5          0.6          0.7          0.8          0.9          1.0
Analitical: 1       1.1       1.2         1.3          1.4          1.5          1.6          1.7          1.8          1.9          2.0
 Numerical: 1.0     1.119     1.228752    1.333021     1.43314      1.531387     1.627431     1.722034     1.815501     1.90805      2.0
Difference: 0    1.9E-02      2.875214E-02 3.30213E-02 3.314501E-02 3.138734E-02 2.743129E-02 2.203436E-02 1.55013E-02  8.05437E-03  0

